224 2
429 4.466018 -0.3015171
449 2.9563553 -0.30170852
354 0.71070546 -0.47434422
552 6.851026 -6.312683
384 7.0974584 -5.8678007
541 2.9784067 -0.28232932
395 0.17087722 -0.9113581
485 5.170947 -4.0279193
491 1.9741658 -0.3797176
480 4.936712 -3.8703048
468 5.528927 -7.319361
367 -1.2091352 -3.7705748
443 5.492468 -7.2519636
473 -1.208024 -3.7554605
555 -1.8640106 -6.0055666
417 0.15589081 -0.9147007
526 -1.366081 -4.198236
516 4.8223763 -0.43078667
489 0.9363013 -0.46172756
355 -1.9085921 -6.12393
519 0.75388646 -0.46552113
399 7.6796856 -0.7265635
438 0.11186415 -0.927909
357 5.072445 -0.43516245
441 7.415374 -0.7181573
471 -1.2939512 -4.0113325
548 -1.2696016 -3.9039714
482 -1.3696615 -4.269888
378 -0.47018936 -2.4546764
506 0.19930547 -0.8983663
467 7.0580606 -6.54385
572 6.7833686 -6.9715385
502 1.9243085 -0.38130778
400 0.16137087 -0.90355974
501 7.4726524 -0.7113805
492 -0.46501297 -2.4536965
422 -1.3569367 -4.1581516
525 0.13396832 -1.0054345
452 -1.7451624 -5.683087
515 -0.49765405 -2.5853753
538 -0.08290477 -1.546356
466 4.315438 -0.30866256
424 6.8795977 -0.5544837
514 0.12863983 -0.93113333
551 6.6474156 -0.5308222
493 -0.03173448 -1.4741397
457 4.748589 -0.42874208
546 -1.08863 -3.357803
554 5.0750985 -0.44548878
402 0.083989374 -0.9980322
560 -1.1091805 -3.3957338
517 0.16298904 -0.9638461
545 -1.3493354 -4.7455034
505 6.9491425 -0.6208905
450 1.0175973 -0.47295997
381 7.0663257 -0.6367407
522 4.301753 -0.3012999
490 1.9537419 -0.38293308
527 -1.1805648 -4.2970715
436 -1.7481768 -6.089704
507 0.1532227 -0.9140123
370 0.16124654 -0.9166601
568 4.2190175 -0.2963888
391 -0.40218142 -2.203085
361 0.88235325 -0.46090516
461 -1.693618 -5.978823
356 6.1706905 -8.126176
528 2.6494515 -0.3796424
411 6.344823 -8.074883
567 -1.5835512 -5.608677
403 5.0393915 -0.98033345
474 5.159495 -1.0250615
390 6.0479736 -4.716746
407 3.0287566 -0.3899726
430 -1.8070983 -5.8471327
520 -1.4034249 -4.997451
544 0.17240207 -0.919945
518 4.814999 -0.42560634
394 -1.3941426 -4.29909
511 -1.0775301 -3.3805268
448 5.1952367 -3.4445388
364 7.0970902 -0.67345387
486 6.825238 -0.5472614
503 0.075650394 -0.9944753
553 0.33997804 -0.89511424
363 -0.48764393 -2.5393555
537 -1.8451039 -5.9710727
571 5.823103 -3.6173441
366 -0.804138 -3.3313513
451 -0.052645255 -1.1355969
420 -0.3792712 -1.6010683
456 0.118823566 -0.9733601
396 0.6264837 -0.4673898
359 0.8254473 -0.47966576
435 3.2247522 -0.36978948
433 3.1019795 -0.34666905
524 0.030423129 -1.0687621
365 5.92975 -4.792057
523 -1.6218473 -5.7071285
437 9.502198 -0.92014414
426 3.5168905 -0.7097931
532 9.611182 -0.92632717
455 -2.0150967 -6.476275
360 -1.5113868 -5.3857493
405 2.6071198 -0.33521172
409 -1.5401928 -5.0624785
547 -1.2341632 -3.777131
431 0.15432405 -0.95915556
497 0.33709103 -0.93699974
439 -1.3994187 -4.8838744
543 1.2940418 -0.47604176
465 0.22678086 -0.914911
444 -1.3981974 -4.964846
561 0.25316244 -0.9410999
421 -0.06439096 -1.1222295
558 3.5057747 -0.6976365
483 0.33939162 -0.94373846
559 0.23827958 -0.9511195
350 1.2850429 -0.507548
372 5.9627423 -0.66621506
542 -0.43771973 -2.3586483
556 -1.6299781 -5.680563
513 0.33368376 -1.1171346
352 2.462811 -0.767313
557 -1.8898668 -6.008875
371 4.7895546 -3.840718
494 2.2662761 -0.7373388
470 6.2742124 -0.70858175
529 2.8914542 -0.29061976
570 -1.4458464 -4.5191464
388 -1.7765485 -5.7547727
508 3.1123147 -0.40358683
425 3.3340735 -0.7007615
488 -0.6927607 -2.3478227
418 0.38602856 -0.6301495
393 5.549663 -0.5353161
487 -1.3523158 -4.363993
374 0.17046185 -0.8979321
562 3.7267358 -3.221336
410 1.9179441 -0.35683393
459 3.4985237 -0.38646442
535 1.9360274 -0.360398
566 0.16096203 -0.8964371
376 0.400391 -1.12654
423 -1.2383631 -4.420322
530 3.613932 -3.010684
427 2.9149215 -0.38459864
475 0.37106898 -0.96722233
569 2.7043293 -0.4247228
484 -0.39831766 -2.2001352
500 0.33634302 -0.9254092
445 0.1446964 -0.48145494
415 -0.21894644 -1.2949696
353 -0.26602104 -1.6622897
463 -1.4769615 -5.1173644
416 0.877548 -0.52450615
368 -1.4699254 -4.8293037
531 -1.7970756 -5.773899
481 -0.3932605 -1.3342574
408 -0.04657876 -1.3193228
534 2.8650417 -0.36737943
512 -0.6185561 -2.219395
510 -0.094543256 -1.0260324
398 -1.3965633 -4.582039
379 4.582291 -5.224644
386 4.9025626 -5.0113907
440 1.9772389 -0.3360332
413 3.8620856 -0.5170266
404 -0.06127939 -1.4945976
477 4.0581717 -0.44384775
540 4.6746097 -0.57446086
564 5.7653236 -0.5804257
362 2.7799373 -0.50929564
479 -1.6161296 -5.238406
392 -1.786503 -5.8469243
536 1.6589112 -0.5945787
495 0.69084996 -0.49485877
458 0.2063758 -0.50002587
472 0.60214734 -0.38362524
401 0.14360163 -0.23632571
469 1.5069917 -0.36321753
521 2.8127682 -0.45844105
385 5.451477 -0.66852343
446 3.4186852 -0.49769875
454 0.13698421 -0.21708913
34 0.57585716 -0.40007627
369 0.048472814 -1.2575729
382 2.3854666 -0.25738513
428 0.37608692 -0.9718597
496 -1.3360401 -4.2465367
397 -1.3417048 -4.758367
432 -0.32462224 -2.121055
504 -1.3931271 -4.889662
414 -1.0330007 -3.7772908
499 0.08720756 -0.20116489
476 1.9748151 -0.2698867
373 0.3354526 -1.0679117
377 0.165099 -0.23284917
412 0.46042734 -1.0040909
389 2.6237283 -0.33726275
533 0.4746811 -0.29685396
509 3.5055702 -0.2859522
349 0.42365584 -0.2922539
539 1.3247877 -0.46547866
464 0.28636956 -0.21310283
478 2.8196626 -0.36713314
419 -0.12628002 -1.4749274
442 2.3932743 -0.27588707
549 0.5553725 -0.29579425
173 0.6967264 -0.44857466
351 0.39043623 -0.2427399
498 0.70769924 -0.48639533
434 -0.8286019 -2.5447068
563 0.40081677 -0.943809
406 0.36716604 -0.28274944
462 2.0877001 -0.45232847
460 0.22301649 -0.95629805
380 2.864783 -0.30656287
453 0.35176733 -0.25295287
375 2.2121243 -0.37679684
198 2.6355011 -0.2728081
565 1.3542094 -0.4087351
383 0.22167139 -0.23471853
387 -0.94690835 -3.1040027
